28
39
32
14
14
14
14
14
14
14
14
14
0.01367188
0
14
14
0
14
14
14
14
14
14
14
14
14
14
14
14
14
14
0
0
0
0
0
5.496094
5.236328
11.53906
13.67188
14.45117
28
3.089844
4.484375
4.484375
6.330078
11.51172
4.757813
10.60938
5.318359
14.45117
14.90234
8.326172
12.71484
12.07227
14.50586
12.26367
12.52344
11.48438
12.6875
12.52344
5.318359
4.757813
8.175781
10.60938
8.175781
10.39063
12.3457
16.80273
14.42383
18.88086
20.72656
18.88086
12.31836
18.88086
19.3457
7.205078
7.205078
18.96289
13.67188
31.81445
18.32031
21.13672
19.23633
18.93555
15.4082
13.94531
19.85156
18.62109
18.06055
26.6875
17.92383
18.62109
18.96289
7.724609
12.82422
7.724609
11.19727
12.87891
8.408203
10.63672
11.26563
10.36328
11.40234
9.966797
7.847656
11.53906
11.78516
5.605469
5.605469
11.42969
7.054688
17.52734
11.82617
11.42969
12.09961
12.04492
10.28125
9.529297
10.78711
11.26563
10.63672
16.40625
12.18164
11.26563
10.86914
6.111328
4.115234
6.111328
11.70313
14
15.57227
14
3.021484
13.80859
4.853516
15.12109
3.582031
3.923828
11.19727
33.96094
13.94531
7.847656
35.56055
14
17.10352
14
14
2.830078
3.021484
4.853516
4.853516
16.5293
8.914063
13.78125
13.35742
21.17773
9.529297
7.847656
18.53906
14
14
18.62109
6.671875
5.496094
10.36328
14.28711
16.9668
19.29102
4.115234
9.556641
9.966797
14
8.011719
12.87891
23.32422
10.60938
14
11.67578
5.769531
23.32422
8.066406
7.984375
8.408203
15.32617
14
5.318359
11.19727
5.878906
7.505859
12.87891
8.326172
8.326172
7.984375
10.39063
16.80273
16.80273
16.80273
16.80273
16.80273
16.80273
29.35352
18.88086
18.88086
18.88086
18.88086
18.88086
7.205078
7.205078
7.205078
7.205078
21.90234
18.32031
21.13672
21.13672
21.13672
21.13672
21.13672
11.51172
21.13672
18.62109
18.62109
18.62109
18.62109
18.62109
19.23633
14.08203
10.63672
10.63672
10.63672
10.63672
10.63672
10.63672
17.14453
10.36328
9.966797
9.966797
9.966797
9.966797
6.330078
6.330078
6.330078
6.330078
12.37305
11.375
11.42969
11.42969
11.42969
11.42969
11.42969
10.60938
11.42969
11.375
11.375
11.375
11.375
11.26563
12.09961
11.26563
