28
32
41
14
14
14
14
14
14
14
14
14
0.01367188
0
14
14
0
14
14
14
14
14
14
14
14
14
14
14
14
14
14
0
0
0
0
0
8.230469
9.269531
21.5332
14.13672
18.00586
18.16992
4.757813
11.51172
11.51172
11.92188
23.32422
6.330078
9.679688
6.330078
9.242188
14.13672
14.13672
14.13672
14.13672
14.13672
14.13672
14.13672
14.13672
14.13672
14.13672
6.972656
6.972656
23.32422
23.32422
23.32422
9.802734
27.60352
20.05664
18.14258
21.20508
22.32617
14.60156
13.75391
19.93359
18.44336
8.613281
8.339844
17.13086
15.42188
23.37891
21.5332
24.14453
16.20117
25.86719
19.46875
16.35156
19.93359
20.84961
20.20703
25.36133
16.02344
17.69141
17.04883
11.51172
9.242188
11.51172
28
14
14
16.51563
15.3125
18.375
20.54883
14.47852
14.20508
16.21484
20.45313
8.613281
8.818359
17.8418
15.42188
22.33984
18.4707
21.08203
15.02539
20.91797
15.53125
14.35547
13.68555
17.5957
17.36328
19.94727
18.33398
13.91797
16.32422
14
14
14
23.32422
14
17.13086
14
6.439453
20.05664
11.59375
20.05664
24.14453
12.71484
14
27.04297
14.83398
7.191406
27.35742
14
18.45703
14
14
6.439453
6.439453
11.59375
11.59375
24.14453
14
28
14
17.0625
14.24609
7.191406
19.23633
14
12.18164
17.69141
20.05664
20.05664
24.14453
24.14453
16.9668
20.05664
20.05664
24.14453
24.14453
14.94336
20.05664
20.05664
20.05664
9.160156
18.83984
14
24.14453
20.05664
20.05664
20.05664
24.14453
20.05664
24.14453
6.330078
14
20.05664
20.05664
20.05664
22.49023
22.49023
22.49023
20.05664
20.05664
20.05664
20.05664
20.05664
20.05664
20.05664
24.14453
21.20508
14.60156
14.60156
16.24219
14.60156
8.613281
8.613281
8.613281
7.669922
22.32617
21.5332
24.14453
24.14453
24.14453
24.14453
24.14453
18.89453
24.14453
20.84961
20.84961
20.84961
20.84961
17.43164
14.47852
17.0625
16.51563
16.51563
16.51563
16.51563
16.51563
16.51563
24.14453
18.375
14.47852
14.19141
14.47852
14.47852
8.613281
8.080078
8.203125
8.613281
19.64648
21.01367
21.08203
21.45117
21.08203
21.45117
21.08203
18.52539
21.08203
18.96289
19.66016
18.96289
17.5957
13.91797
20.05664
13.91797
