30
37
65
15
15
15
15
15
15
15
15
15
0.01464844
0
15
15
0
15
15
15
15
15
15
15
15
15
15
15
15
15
15
0
0
0
0
-7.247925E-07
6.72
6.24
18
12.96
13.8
14.79
3.24
6.6
6.96
9.12
19.27734
11.94
8.73
9.99
9.169922
15.99
7.71
14.58
15.84
16.53
15.12
15.99
12.78
15.99
14.52
3.96
3.96
19.27734
19.27734
19.27734
10.89
18
17.4
17.46
16.65
16.08
18.66
18.27
18.81
19.23
16.8
10.05
18.45
10.2
31.44
18.33
18.63
15.93
17.49
14.67
14.58
18.84
17.34
15.27
23.1
20.25
20.25
22.14
9.169922
9.169922
9.169922
15.4834
16.2
10.98633
11.88
12.15
11.76
11.46
12.21
7.71
12.66
13.77
8.73
6.57
12.12
8.219999
19.08
14.64
13.05
13.23
11.91
11.91
10.14
12.6
12.72
12.9
18.45
15.81
13.77
13.41
11.01563
8.569336
11.01563
11.4
15
18.35449
15
9.169922
18.35449
12.91992
18.66211
18.35449
18.35449
10.98633
33.00293
22.0166
10.98633
33.00293
15
20.15625
15
15
7.324219
7.324219
10.98633
10.98633
11.55762
9.667969
19.33594
10.98633
22.55859
16.49414
10.98633
31.14258
15
16.49414
22.0166
8.759766
9.169922
18.35449
18.35449
18.35449
18.35449
8.569336
18.35449
10.98633
24.31641
12.2168
18.35449
19.27734
10.98633
24.31641
16.49414
13.19824
19.27734
10.98633
10.98633
10.98633
18.35449
17.72461
9.169922
10.98633
10.98633
12.05566
18.35449
27.52441
27.52441
27.52441
18.35449
22.0166
22.0166
22.0166
22.0166
22.0166
22.0166
33.00293
23.83301
22.0166
22.0166
22.0166
22.0166
9.169922
9.169922
9.169922
9.169922
23.83301
23.83301
25.66406
25.66406
25.66406
25.66406
25.66406
19.27734
25.66406
23.83301
23.83301
23.83301
23.83301
22.0166
22.0166
20.15625
18.35449
18.35449
18.35449
18.35449
18.35449
18.35449
29.34082
16.49414
18.35449
18.35449
18.35449
18.35449
7.529297
7.529297
7.529297
7.529297
18.35449
18.35449
18.35449
18.35449
18.35449
18.35449
18.35449
19.27734
18.35449
18.35449
18.35449
18.35449
18.35449
16.49414
18.35449
16.49414
