40
44
58
20
20
20
20
20
20
20
20
20
0.01953125
0
20
20
0
20
20
20
20
20
20
20
20
20
20
20
20
20
20
0
0
0
0
0
8.59375
13.39844
14.80469
20.95703
20.99609
21.52344
4.238281
10.56641
10.56641
15.87891
18.4375
10.60547
16.67969
8.710938
20.48828
21.32813
12.28516
19.23828
19.27734
18.32031
19.00391
20.99609
18.96484
17.87109
19.55078
10.60547
10.60547
13.88672
15.99609
13.88672
14.96094
25.07813
25.72266
26.03516
21.64063
28.4375
25.15625
22.59766
24.96094
29.72656
13.51563
17.44141
29.80469
22.79297
36.48438
27.75391
25.07813
26.48438
25.52734
28.55469
20.95703
28.63281
24.51172
30.27344
40.56641
26.15234
22.51953
24.60938
10.19531
21.32813
10.39063
11.99219
25
4.238281
17.59766
16.19141
14.08203
15.99609
15.19531
10.80078
16.07422
16.75781
8.59375
8.203125
14.19922
8.320313
25.44922
19.51172
16.99219
17.20703
15.80078
13.39844
15.87891
11.40625
17.55859
16.36719
23.55469
18.71094
17.28516
15.52734
11.875
8.007813
11.875
17.28516
0
24.00391
0
8.007813
11.67969
14.19922
28.80859
15.99609
15.99609
11.99219
31.99219
20.95703
13.88672
38.00781
20
26.875
0
20
9.804688
9.804688
14.19922
14.19922
8.007813
27.83203
22.07031
14.00391
27.20703
15.87891
13.88672
28.00781
20
21.99219
22.51953
18.08594
8.59375
14.08203
22.79297
22.12891
26.15234
8.007813
18.00781
15.99609
40
11.99219
20
23.35938
16.67969
40
25
17.20703
18.4375
10
10
10
17.55859
25.07813
18.08594
10
10
10
20
20.99609
20.99609
20.99609
14.96094
25.72266
25.72266
25.72266
25.72266
25.72266
25.72266
38.00781
21.64063
25.15625
25.15625
25.15625
25.15625
13.51563
13.51563
13.51563
13.51563
28.4375
27.75391
25.07813
25.07813
25.07813
25.07813
25.07813
18.71094
25.07813
24.51172
24.51172
24.51172
24.51172
22.51953
26.48438
26.03516
17.59766
17.59766
17.59766
17.59766
17.59766
17.59766
28.00781
14.08203
14.88281
14.88281
14.88281
14.88281
9.003906
9.003906
9.003906
9.003906
15.83984
19.72656
16.99219
16.99219
16.99219
16.99219
16.99219
18.00781
16.99219
17.55859
17.55859
17.55859
17.55859
17.28516
16.99219
17.28516
